Accuracy: 0.8522607358501216
Feature Importance:
P_2-mean: 0.09175497214014677
P_2-std: 0.0016394983175237218
P_2-min: 0.07254788164717378
P_2-max: 0.055304284420696834
P_2-last: 0.04565923067807
D_39-mean: 7.992187597012235E-4
D_39-std: 0.00256327716501529
D_39-min: 0.0012719955348107013
D_39-max: 0.0012141607639785047
D_39-last: 0.002789582738106861
B_1-mean: 5.646756168553606E-4
B_1-std: 0.0029770742020186944
B_1-min: 0.002544598661866949
B_1-max: 0.006722275711910938
B_1-last: 0.02617468592762588
B_2-mean: 0.012987381671299102
B_2-std: 1.0416989012373546E-4
B_2-min: 0.005436682707710954
B_2-max: 3.720749167962917E-4
B_2-last: 0.0019858456686084234
R_1-mean: 0.00389735123287396
R_1-std: 0.0071057249291064245
R_1-min: 9.961362733300217E-5
R_1-max: 0.007277709540686103
R_1-last: 0.02131806627499085
S_3-mean: 0.003268975503433818
S_3-std: 3.3602745847706943E-4
S_3-min: 0.010807550250350252
S_3-max: 0.00673651363664661
S_3-last: 0.004753648021581634
B_3-mean: 0.0074266548969103355
B_3-std: 0.0016378798222139378
B_3-min: 9.737072875904427E-4
B_3-max: 0.005799565786143422
B_3-last: 0.025708392489452742
D_42-mean: 0.025514241435412626
D_42-std: 2.2023265857903639E-4
D_42-min: 0.1227663849100384
D_42-max: 0.038426015548586136
D_42-last: 0.09405688913045568
D_43-mean: 0.002959415474327174
D_43-std: 6.640058174034227E-4
D_43-min: 0.0015333229024871605
D_43-max: 0.004459684859372243
D_43-last: 0.008155109868369061
B_4-mean: 0.0025018250602946517
B_4-std: 0.0036315174205957365
B_4-min: 0.0021075062578409676
B_4-max: 2.787485776355686E-4
B_4-last: 0.007758019640220032
B_5-mean: 0.002853179681521714
B_5-std: 0.004120347342586775
B_5-min: 0.0010895022153384715
B_5-max: 9.162309928563359E-4
B_5-last: 0.0023988028825641518
D_46-mean: 0.003614288679493796
D_46-std: 0.0016235010848325807
D_46-min: 0.0028267741614006314
D_46-max: 0.005082181059487388
D_46-last: 0.011349236082946104
D_47-mean: 3.1014226658322334E-4
D_47-std: 4.561643877215425E-4
D_47-min: 0.0012055646888795026
D_47-max: 0.0024644913634109837
D_47-last: 1.176744320924396E-4
B_9-mean: 0.019926110627947285
B_9-std: 0.0
B_9-min: 0.002848720628769499
B_9-max: 0.01745767941570977
B_9-last: 0.04787572125972895
P_3-mean: 0.016885673815337298
P_3-std: 0.0
P_3-min: 0.018610547095533947
P_3-max: 0.00468176861161074
P_3-last: 0.05583340490834243
B_11-mean: 0.006091011618255711
B_11-std: 0.0012167580767674696
B_11-min: 3.488247966252986E-4
B_11-max: 0.005907204946513278
B_11-last: 0.004294625417694287

